 deep/result_1_30_500_100.csv 0.982257814387 0.986602627258 0.981219611021 0.981875648841 319.174802471 37.9917598557 600
 deep/result_1_30_500_10.csv 0.957979566589 0.964747126437 0.95491626148 0.956480695906 353.316663794 30.8063023831 600
 deep/result_1_30_500_1.csv 0.945102889486 0.951448275862 0.939743381956 0.944936149651 440.634741792 nan 600
 deep/result_1_50_500_100.csv 0.982082859375 0.990619868637 0.981003511615 0.981691285871 306.67295659 nan 600
 deep/result_1_50_500_10.csv 0.976870055535 0.984612479475 0.977296056186 0.976911809632 342.127024198 nan 600
 deep/result_1_50_500_1.csv 0.82677265225 0.831256157635 0.83664910859 0.827011297941 484.27215535 nan 600
 deep/result_1_100_500_100.csv 0.987410004449 0.99326272578 0.989430037817 0.987143017263 293.858944021 27.1103801159 600
 deep/result_1_100_500_10.csv 0.941963288842 0.951366174056 0.94369800108 0.941449305523 335.631025856 nan 600
 deep/result_1_100_500_1.csv 0.879785794245 0.899673234811 0.878943814155 0.879806480648 414.238815316 67.1262711698 600
 deep/result_1_150_500_100.csv 0.989165655828 0.994254515599 0.993057806591 0.989275311358 285.725144156 25.1156229146 600
 deep/result_1_150_500_10.csv 0.963314034586 0.962100164204 0.971253376553 0.963396343051 315.320323307 46.7204314305 600
 deep/result_1_150_500_1.csv 0.932930438813 0.946341543514 0.938454889249 0.933065944408 391.837606853 38.1958960421 600
 deep/result_1_200_500_100.csv 0.991418959473 0.995224958949 0.993356293895 0.991248815087 279.411556277 nan 600
 deep/result_1_200_500_10.csv 0.983429782402 0.987471264368 0.986955699622 0.983495212847 307.984406687 nan 600
 deep/result_1_200_500_1.csv 0.976786379179 0.991307060755 0.975946785521 0.976360680487 361.292226202 nan 600
 deep/result_2_30_500_100.csv 0.985145157212 0.992128078818 0.985259319287 0.98496138566 344.507344442 31.7563520897 600
 deep/result_2_30_500_10.csv 0.951055776353 0.964980295566 0.947252836305 0.951114847248 415.05990238 110.653601036 600
 deep/result_2_30_500_1.csv 0.934249837196 0.932471264368 0.930678011885 0.933163556675 521.386463276 88.3817251784 600
 deep/result_2_50_500_100.csv 0.985966973864 0.98910180624 0.988580497029 0.985875397335 321.14677923 28.0971333643 600
 deep/result_2_50_500_10.csv 0.949682235277 0.95819047619 0.94358184765 0.949098611456 389.625637789 68.772316638 600
 deep/result_2_50_500_1.csv 0.890007975435 0.88449589491 0.89779443544 0.889588483905 475.119196608 128.686085164 600
 deep/result_2_100_500_100.csv 0.982093852642 0.989203612479 0.982400054025 0.982065498122 304.513322104 30.8989232354 600
 deep/result_2_100_500_10.csv 0.979465052606 0.978162561576 0.980856293895 0.978588030785 359.69860613 31.5319523283 600
 deep/result_2_100_500_1.csv 0.962496077252 0.97308045977 0.968554835224 0.963243942845 438.73590425 39.3826718335 600
 deep/result_2_150_500_100.csv 0.987070578436 0.990022988506 0.987694489465 0.987073436273 297.63553011 nan 600
 deep/result_2_150_500_10.csv 0.959303784288 0.972377668309 0.952955159373 0.958504203496 350.166929441 55.0342640097 600
 deep/result_2_150_500_1.csv 0.892161277702 0.912536945813 0.888552133982 0.891687429563 423.259468556 101.293825295 600
 deep/result_2_200_500_100.csv 0.985461007927 0.993886699507 0.988604808212 0.985296274502 294.459923843 26.5488523208 600
 deep/result_2_200_500_10.csv 0.983651524803 0.995650246305 0.985037817396 0.983398007227 336.858833104 26.5845193956 600
 deep/result_2_200_500_1.csv 0.948603921605 0.960952380952 0.95218530524 0.947793986688 407.068947223 56.9952848234 600
 deep/result_3_30_500_100.csv 0.97397919926 0.974794745484 0.975402485143 0.973797313672 375.93261921 nan 600
 deep/result_3_30_500_10.csv 0.954854729651 0.973068965517 0.950380875203 0.953787636167 450.420100907 64.3205759917 600
 deep/result_3_30_500_1.csv 0.145365805362 0.13719047619 0.171736898974 0.149046024192 575.822394167 81.0174244356 600
 deep/result_3_50_500_100.csv 0.987125665102 0.992113300493 0.991249324689 0.987466150943 340.731688035 32.8144923086 600
 deep/result_3_50_500_10.csv 0.895880779933 0.902221674877 0.894502971367 0.89552638863 474.514661633 64.9202891979 600
 deep/result_3_50_500_1.csv 0.970188990356 0.991220032841 0.97209076175 0.969962424488 491.979663967 48.5452930373 600
 deep/result_3_100_500_100.csv 0.982593643381 0.986174055829 0.983873581848 0.982197374635 326.249791927 30.768477821 600
 deep/result_3_100_500_10.csv 0.963400906228 0.965315270936 0.964273365748 0.963097276698 393.052953344 nan 600
 deep/result_3_100_500_1.csv 0.936991566077 0.954574712644 0.926203403566 0.935978603555 507.07115456 64.6475607432 600
 deep/result_3_150_500_100.csv 0.986777987781 0.9886272578 0.991139924365 0.986630974031 309.000906305 nan 600
 deep/result_3_150_500_10.csv 0.963129370052 0.973157635468 0.961561318206 0.962813936291 384.028830669 nan 600
 deep/result_3_150_500_1.csv 0.958153268344 0.972203612479 0.957674230146 0.956689486716 477.025606104 42.9675295084 600
 deep/result_3_200_500_100.csv 0.985869559329 0.988735632184 0.986573473798 0.985940225002 304.794997659 25.7989073583 600
 deep/result_3_200_500_10.csv 0.967195048125 0.978055829228 0.960713128039 0.967453145087 373.58271106 57.2010119004 600
 deep/result_3_200_500_1.csv 0.975789884114 0.980688013136 0.975098595354 0.975225869967 456.205654751 39.4386188453 600
