 deep/result_1_30_500_100.csv 0.971247062966 0.971119791667 0.971126984127 0.970864264103 312.576653186 nan 600
 deep/result_1_30_256_100.csv 0.965445630867 0.963790364583 0.960504960317 0.964753021999 110.344283501 nan 600
 deep/result_1_30_100_100.csv 0.977101512339 0.975805989583 0.974078373016 0.975704441743 30.0466185947 43.9634350007 600
 deep/result_1_30_50_100.csv 0.877808036276 0.879076822917 0.870535714286 0.875111489509 15.2222711371 154.686785726 600
 deep/result_1_30_20_100.csv 0.98704954955 0.970833333333 0.947685185185 0.966750205772 7.55340763452 445.4132244 9
 deep/result_1_30_10_100.csv nan nan nan nan nan nan 0
 deep/result_1_30_5_100.csv nan nan nan nan nan nan 0
 deep/result_1_30_2_100.csv nan nan nan nan nan nan 0
 deep/result_1_30_1_100.csv nan nan nan nan nan nan 0
 deep/result_1_30_5000_10.csv nan nan nan nan nan nan 0
 deep/result_1_30_2000_10.csv nan nan nan nan nan nan 0
 deep/result_1_30_1000_10.csv 0.95598279861 0.957669270833 0.950532738095 0.955613523767 1208.00723026 nan 600
 deep/result_1_30_500_10.csv 0.97230545174 0.96623828125 0.954765873016 0.969904848116 335.777533915 50.0134352161 600
 deep/result_1_30_256_10.csv 0.965920292639 0.966411458333 0.943348214286 0.963527037214 124.246344831 nan 600
 deep/result_1_30_100_10.csv 0.974244139159 0.969692708333 0.953777777778 0.970176604221 37.5017875552 51.6569910697 600
 deep/result_1_30_50_10.csv 0.950385576007 0.95601171875 0.926086309524 0.945382350308 18.4308233066 75.2284088324 600
 deep/result_1_30_20_10.csv 0.00806361917473 0.028125 0.0420634920635 0.0314890258958 8.1217715542 nan 9
 deep/result_1_30_10_10.csv nan nan nan nan nan nan 0
 deep/result_1_30_5_10.csv nan nan nan nan nan nan 0
 deep/result_1_30_2_10.csv nan nan nan nan nan nan 0
 deep/result_1_30_1_10.csv nan nan nan nan nan nan 0
 deep/result_1_30_5000_1.csv nan nan nan nan nan nan 0
 deep/result_1_30_2000_1.csv nan nan nan nan nan nan 0
 deep/result_1_30_1000_1.csv 0.921722572699 0.928805989583 0.907360119048 0.920873176156 1367.67953271 145.150585963 600
 deep/result_1_30_500_1.csv 0.976439997076 0.975912760417 0.965790674603 0.97426849063 421.802402187 nan 600
 deep/result_1_30_256_1.csv 0.96723037743 0.962546875 0.94274702381 0.965108690824 135.33484677 48.6872238307 600
 deep/result_1_30_100_1.csv 0.965475275417 0.9664921875 0.930143849206 0.960816108946 38.6659330765 53.8982938028 600
 deep/result_1_30_50_1.csv 0.964370131509 0.946244791667 0.947766865079 0.957746825935 20.6362154788 124.947361251 600
 deep/result_1_30_20_1.csv 0.985506339673 0.979166666667 0.964682539683 0.974320211064 3.01695292785 nan 9
 deep/result_1_30_10_1.csv nan nan nan nan nan nan 0
 deep/result_1_30_5_1.csv nan nan nan nan nan nan 0
 deep/result_1_30_2_1.csv nan nan nan nan nan nan 0
 deep/result_1_30_1_1.csv nan nan nan nan nan nan 0
 deep/result_1_50_5000_100.csv nan nan nan nan nan nan 0
 deep/result_1_50_2000_100.csv nan nan nan nan nan nan 0
 deep/result_1_50_1000_100.csv 0.5 0.5 0.5 0.5 2585.2511817 nan 1
 deep/result_1_50_500_100.csv 0.985297326399 0.982822916667 0.982913690476 0.984538203251 295.734026682 nan 600
 deep/result_1_50_256_100.csv 0.975094637655 0.977828125 0.964616071429 0.973617644225 103.331235748 nan 600
 deep/result_1_50_100_100.csv 0.968733046631 0.96283203125 0.95020734127 0.964754255608 28.0130673738 74.4112377601 600
 deep/result_1_50_50_100.csv 0.958021115759 0.95894140625 0.938813492063 0.954386893131 11.8454851207 nan 600
 deep/result_1_50_20_100.csv 0.727925293715 0.774913194444 0.734523809524 0.746021982608 6.11807300898 745.87521456 9
 deep/result_1_50_10_100.csv nan nan nan nan nan nan 0
 deep/result_1_50_5_100.csv nan nan nan nan nan nan 0
 deep/result_1_50_2_100.csv nan nan nan nan nan nan 0
 deep/result_1_50_1_100.csv nan nan nan nan nan nan 0
 deep/result_1_50_5000_10.csv nan nan nan nan nan nan 0
 deep/result_1_50_2000_10.csv nan nan nan nan nan nan 0
 deep/result_1_50_1000_10.csv 0.987460004019 0.987725260417 0.983694444444 0.987039561587 1142.33626825 42.1986532607 600
 deep/result_1_50_500_10.csv 0.97304270863 0.969490885417 0.966803571429 0.971067877858 332.963307431 nan 600
 deep/result_1_50_256_10.csv 0.966474094405 0.96790234375 0.948297619048 0.963868483659 123.124558673 nan 600
 deep/result_1_50_100_10.csv 0.941361397932 0.941569010417 0.915089285714 0.937843071323 39.3426663262 nan 600
 deep/result_1_50_50_10.csv 0.952105475436 0.95122265625 0.930694444444 0.946225229584 16.9561712731 101.110626242 600
 deep/result_1_50_20_10.csv 0.993569958848 0.975173611111 0.965939153439 0.972607283507 4.03834721416 132.345441739 9
 deep/result_1_50_10_10.csv nan nan nan nan nan nan 0
 deep/result_1_50_5_10.csv nan nan nan nan nan nan 0
 deep/result_1_50_2_10.csv nan nan nan nan nan nan 0
 deep/result_1_50_1_10.csv nan nan nan nan nan nan 0
 deep/result_1_50_5000_1.csv nan nan nan nan nan nan 0
 deep/result_1_50_2000_1.csv nan nan nan nan nan nan 0
 deep/result_1_50_1000_1.csv 0.973215549585 0.9774375 0.955780753968 0.972419605286 1293.79925315 nan 600
 deep/result_1_50_500_1.csv 0.937657234656 0.93327734375 0.935201388889 0.936154534588 392.211696826 nan 600
 deep/result_1_50_256_1.csv 0.963853038638 0.966196614583 0.942576388889 0.961556321919 134.195258861 50.7310861266 600
 deep/result_1_50_100_1.csv 0.071992176357 0.074921875 0.0944345238095 0.0750107334196 85.9761379437 nan 600
 deep/result_1_50_50_1.csv 0.0514279853501 0.06540234375 0.0680198412698 0.0578189732413 33.4007575297 177.202815483 600
 deep/result_1_50_20_1.csv 0.845115949283 0.83671875 0.802116402116 0.796358223522 8.17955186706 341.540909885 9
 deep/result_1_50_10_1.csv nan nan nan nan nan nan 0
 deep/result_1_50_5_1.csv nan nan nan nan nan nan 0
 deep/result_1_50_2_1.csv nan nan nan nan nan nan 0
 deep/result_1_50_1_1.csv nan nan nan nan nan nan 0
 deep/result_1_100_5000_100.csv nan nan nan nan nan nan 0
 deep/result_1_100_2000_100.csv nan nan nan nan nan nan 0
 deep/result_1_100_1000_100.csv 0.5 0.5 0.5 0.5 1976.51743404 nan 1
 deep/result_1_100_500_100.csv 0.988866072332 0.986641927083 0.982765873016 0.988213106049 279.864860922 41.2601436764 600
 deep/result_1_100_256_100.csv 0.983568473847 0.979696614583 0.980591269841 0.982847428251 95.6714317747 38.8650025149 600
 deep/result_1_100_100_100.csv 0.965292923282 0.961907552083 0.957598214286 0.962765299309 26.7639360597 nan 600
 deep/result_1_100_50_100.csv 0.976097645325 0.9687890625 0.953870039683 0.970607020839 10.4462533836 42.9974082039 600
 deep/result_1_100_20_100.csv 0.0574602380158 0.0614583333333 0.0930555555556 0.0662763315056 5.11627690428 3107.41545263 9
 deep/result_1_100_10_100.csv nan nan nan nan nan nan 0
 deep/result_1_100_5_100.csv nan nan nan nan nan nan 0
 deep/result_1_100_2_100.csv nan nan nan nan nan nan 0
 deep/result_1_100_1_100.csv nan nan nan nan nan nan 0
 deep/result_1_100_5000_10.csv nan nan nan nan nan nan 0
 deep/result_1_100_2000_10.csv nan nan nan nan nan nan 0
 deep/result_1_100_1000_10.csv 0.981723473432 0.983842447917 0.981620039683 0.981531253353 1081.87658384 nan 600
 deep/result_1_100_500_10.csv 0.987062669919 0.979828125 0.983173611111 0.985975729691 308.035792347 nan 600
 deep/result_1_100_256_10.csv 0.935677523305 0.933325520833 0.914398809524 0.932459996569 115.97270297 87.9686326324 600
 deep/result_1_100_100_10.csv 0.955188365857 0.955970052083 0.937902777778 0.953356365249 33.7579196549 nan 600
 deep/result_1_100_50_10.csv 0.896885484514 0.89459375 0.891763888889 0.89402162198 16.840859969 173.053706457 600
 deep/result_1_100_20_10.csv 0.988509342676 0.973524305556 0.972619047619 0.972687929385 4.07665683856 nan 9
 deep/result_1_100_10_10.csv nan nan nan nan nan nan 0
 deep/result_1_100_5_10.csv nan nan nan nan nan nan 0
 deep/result_1_100_2_10.csv nan nan nan nan nan nan 0
 deep/result_1_100_1_10.csv nan nan nan nan nan nan 0
 deep/result_1_100_5000_1.csv nan nan nan nan nan nan 0
 deep/result_1_100_2000_1.csv nan nan nan nan nan nan 0
 deep/result_1_100_1000_1.csv 0.978186669854 0.977255208333 0.965220238095 0.977124301268 1277.36572187 nan 600
 deep/result_1_100_500_1.csv 0.914759815394 0.91132421875 0.911263888889 0.913767389267 382.605881732 75.2746561109 600
 deep/result_1_100_256_1.csv 0.928133944822 0.928768229167 0.908919642857 0.926192800373 149.602292863 nan 600
 deep/result_1_100_100_1.csv 0.880896967838 0.81296484375 0.8681875 0.872415627668 54.2764105535 nan 600
 deep/result_1_100_50_1.csv 0.760251817998 0.790938802083 0.780880952381 0.763398946956 24.2029431126 nan 600
 deep/result_1_100_20_1.csv 0.014493660327 0.0266493055556 0.0384920634921 0.0275423897743 8.76679191871 nan 9
 deep/result_1_100_10_1.csv nan nan nan nan nan nan 0
 deep/result_1_100_5_1.csv nan nan nan nan nan nan 0
 deep/result_1_100_2_1.csv nan nan nan nan nan nan 0
 deep/result_1_100_1_1.csv nan nan nan nan nan nan 0
 deep/result_1_150_5000_100.csv nan nan nan nan nan nan 0
 deep/result_1_150_2000_100.csv nan nan nan nan nan nan 0
 deep/result_1_150_1000_100.csv 0.5 0.5 0.5 0.5 2904.68345277 nan 1
 deep/result_1_150_500_100.csv 0.986819143112 0.984283854167 0.983093253968 0.986008568966 275.467417597 45.5222404066 600
 deep/result_1_150_256_100.csv 0.988072218891 0.98745703125 0.984765873016 0.987912471202 91.652921683 nan 600
 deep/result_1_150_100_100.csv 0.980241369217 0.972798177083 0.970889880952 0.976890465812 25.4239108833 41.5267452274 600
 deep/result_1_150_50_100.csv 0.956220350313 0.95425390625 0.932006944444 0.951897898218 9.46111957408 nan 600
 deep/result_1_150_20_100.csv 0.839624712432 0.768315972222 0.83630952381 0.844149107394 5.81303628818 3541.82363482 9
 deep/result_1_150_10_100.csv nan nan nan nan nan nan 0
 deep/result_1_150_5_100.csv nan nan nan nan nan nan 0
 deep/result_1_150_2_100.csv nan nan nan nan nan nan 0
 deep/result_1_150_1_100.csv nan nan nan nan nan nan 0
 deep/result_1_150_5000_10.csv nan nan nan nan nan nan 0
 deep/result_1_150_2000_10.csv nan nan nan nan nan nan 0
 deep/result_1_150_1000_10.csv 0.991577927207 0.98773828125 0.987052579365 0.991142967372 1063.22100363 37.5495721791 600
 deep/result_1_150_500_10.csv 0.956115300389 0.957772135417 0.960875992063 0.955317286854 310.594669638 nan 600
 deep/result_1_150_256_10.csv 0.97604692805 0.970977864583 0.968431547619 0.974738768865 105.889730148 40.1959948499 600
 deep/result_1_150_100_10.csv 0.964545697665 0.9697421875 0.955824404762 0.961677502602 33.82852754 47.7913242063 600
 deep/result_1_150_50_10.csv 0.924595359352 0.935138020833 0.924844246032 0.922364598647 16.0537147864 66.3954313708 600
 deep/result_1_150_20_10.csv 0.982934323212 0.974045138889 0.962037037037 0.972639632984 2.88395459032 189.470752621 9
 deep/result_1_150_10_10.csv nan nan nan nan nan nan 0
 deep/result_1_150_5_10.csv nan nan nan nan nan nan 0
 deep/result_1_150_2_10.csv nan nan nan nan nan nan 0
 deep/result_1_150_1_10.csv nan nan nan nan nan nan 0
 deep/result_1_150_5000_1.csv nan nan nan nan nan nan 0
 deep/result_1_150_2000_1.csv nan nan nan nan nan nan 0
 deep/result_1_150_1000_1.csv 0.972439490705 0.9708515625 0.961743055556 0.971960026299 1193.50410281 56.1301917274 600
 deep/result_1_150_500_1.csv 0.968823908749 0.9586015625 0.966132936508 0.966311288304 355.911524615 93.3822103847 600
 deep/result_1_150_256_1.csv 0.973559887532 0.978423177083 0.935618055556 0.970418265061 125.520176374 49.4542621315 600
 deep/result_1_150_100_1.csv 0.735052338281 0.725365885417 0.705636904762 0.733010244077 59.7539667703 nan 600
 deep/result_1_150_50_1.csv 0.442578220779 0.474377604167 0.467790674603 0.447880944131 25.1603865919 170.532408061 600
 deep/result_1_150_20_1.csv 0.984991936381 0.969878472222 0.951851851852 0.964709227187 4.65949065185 232.241010227 9
 deep/result_1_150_10_1.csv nan nan nan nan nan nan 0
 deep/result_1_150_5_1.csv nan nan nan nan nan nan 0
 deep/result_1_150_2_1.csv nan nan nan nan nan nan 0
 deep/result_1_150_1_1.csv nan nan nan nan nan nan 0
 deep/result_1_200_5000_100.csv nan nan nan nan nan nan 0
 deep/result_1_200_2000_100.csv nan nan nan nan nan nan 0
 deep/result_1_200_1000_100.csv 0.5 0.5 0.5 0.5 1877.22802226 nan 1
 deep/result_1_200_500_100.csv 0.991843471794 0.988427083333 0.988420634921 0.991318659201 267.848973491 39.116668598 600
 deep/result_1_200_256_100.csv 0.984049800072 0.983171875 0.979631944444 0.983634104868 91.7133274845 48.9875470174 600
 deep/result_1_200_100_100.csv 0.988741454538 0.985325520833 0.988603174603 0.987354456402 25.1001022692 nan 600
 deep/result_1_200_50_100.csv 0.982238368546 0.98298046875 0.980121031746 0.98023158694 9.31219541276 65.0467115384 600
 deep/result_1_200_20_100.csv 0.795679451381 0.661892361111 0.739153439153 0.718224897661 9.1395955218 789.556772408 9
 deep/result_1_200_10_100.csv nan nan nan nan nan nan 0
 deep/result_1_200_5_100.csv nan nan nan nan nan nan 0
 deep/result_1_200_2_100.csv nan nan nan nan nan nan 0
 deep/result_1_200_1_100.csv nan nan nan nan nan nan 0
 deep/result_1_200_5000_10.csv nan nan nan nan nan nan 0
 deep/result_1_200_2000_10.csv nan nan nan nan nan nan 0
 deep/result_1_200_1000_10.csv 0.992448809821 0.993151041667 0.99243452381 0.99224264226 1015.57713263 nan 600
 deep/result_1_200_500_10.csv 0.94666293601 0.947424479167 0.946004960317 0.946406125806 307.598450067 nan 600
 deep/result_1_200_256_10.csv 0.976924020507 0.97393359375 0.971523809524 0.975713179518 108.214557959 40.2612768124 600
 deep/result_1_200_100_10.csv 0.947668768489 0.949233072917 0.961217261905 0.947156122218 33.4733578114 61.7091720578 600
