 deep/result_1_30_500_100.csv 0.971247062966 0.971119791667 0.971126984127 0.970864264103 312.576653186 nan 600
 deep/result_1_30_256_100.csv 0.965445630867 0.963790364583 0.960504960317 0.964753021999 110.344283501 nan 600
 deep/result_1_30_100_100.csv 0.977101512339 0.975805989583 0.974078373016 0.975704441743 30.0466185947 43.9634350007 600
 deep/result_1_30_50_100.csv 0.877808036276 0.879076822917 0.870535714286 0.875111489509 15.2222711371 154.686785726 600
 deep/result_1_30_20_100.csv 0.98704954955 0.970833333333 0.947685185185 0.966750205772 7.55340763452 445.4132244 9
 deep/result_1_30_10_100.csv nan nan nan nan nan nan 0
 deep/result_1_30_5_100.csv nan nan nan nan nan nan 0
 deep/result_1_30_2_100.csv nan nan nan nan nan nan 0
 deep/result_1_30_1_100.csv nan nan nan nan nan nan 0
 deep/result_1_30_5000_10.csv nan nan nan nan nan nan 0
 deep/result_1_30_2000_10.csv nan nan nan nan nan nan 0
 deep/result_1_30_1000_10.csv 0.95598279861 0.957669270833 0.950532738095 0.955613523767 1208.00723026 nan 600
 deep/result_1_30_500_10.csv 0.97230545174 0.96623828125 0.954765873016 0.969904848116 335.777533915 50.0134352161 600
 deep/result_1_30_256_10.csv 0.965920292639 0.966411458333 0.943348214286 0.963527037214 124.246344831 nan 600
 deep/result_1_30_100_10.csv 0.974244139159 0.969692708333 0.953777777778 0.970176604221 37.5017875552 51.6569910697 600
 deep/result_1_30_50_10.csv 0.950385576007 0.95601171875 0.926086309524 0.945382350308 18.4308233066 75.2284088324 600
 deep/result_1_30_20_10.csv 0.00806361917473 0.028125 0.0420634920635 0.0314890258958 8.1217715542 nan 9
 deep/result_1_30_10_10.csv nan nan nan nan nan nan 0
 deep/result_1_30_5_10.csv nan nan nan nan nan nan 0
 deep/result_1_30_2_10.csv nan nan nan nan nan nan 0
 deep/result_1_30_1_10.csv nan nan nan nan nan nan 0
 deep/result_1_30_5000_1.csv nan nan nan nan nan nan 0
 deep/result_1_30_2000_1.csv nan nan nan nan nan nan 0
 deep/result_1_30_1000_1.csv 0.921722572699 0.928805989583 0.907360119048 0.920873176156 1367.67953271 145.150585963 600
 deep/result_1_30_500_1.csv 0.976439997076 0.975912760417 0.965790674603 0.97426849063 421.802402187 nan 600
 deep/result_1_30_256_1.csv 0.96723037743 0.962546875 0.94274702381 0.965108690824 135.33484677 48.6872238307 600
 deep/result_1_30_100_1.csv 0.965475275417 0.9664921875 0.930143849206 0.960816108946 38.6659330765 53.8982938028 600
 deep/result_1_30_50_1.csv 0.964370131509 0.946244791667 0.947766865079 0.957746825935 20.6362154788 124.947361251 600
 deep/result_1_30_20_1.csv 0.985506339673 0.979166666667 0.964682539683 0.974320211064 3.01695292785 nan 9
 deep/result_1_30_10_1.csv nan nan nan nan nan nan 0
 deep/result_1_30_5_1.csv nan nan nan nan nan nan 0
 deep/result_1_30_2_1.csv nan nan nan nan nan nan 0
 deep/result_1_30_1_1.csv nan nan nan nan nan nan 0
 deep/result_1_50_5000_100.csv nan nan nan nan nan nan 0
 deep/result_1_50_2000_100.csv nan nan nan nan nan nan 0
 deep/result_1_50_1000_100.csv 0.5 0.5 0.5 0.5 2585.2511817 nan 1
 deep/result_1_50_500_100.csv 0.985297326399 0.982822916667 0.982913690476 0.984538203251 295.734026682 nan 600
 deep/result_1_50_256_100.csv 0.975094637655 0.977828125 0.964616071429 0.973617644225 103.331235748 nan 600
 deep/result_1_50_100_100.csv 0.968733046631 0.96283203125 0.95020734127 0.964754255608 28.0130673738 74.4112377601 600
 deep/result_1_50_50_100.csv 0.958021115759 0.95894140625 0.938813492063 0.954386893131 11.8454851207 nan 600
 deep/result_1_50_20_100.csv 0.727925293715 0.774913194444 0.734523809524 0.746021982608 6.11807300898 745.87521456 9
 deep/result_1_50_10_100.csv nan nan nan nan nan nan 0
 deep/result_1_50_5_100.csv nan nan nan nan nan nan 0
 deep/result_1_50_2_100.csv nan nan nan nan nan nan 0
 deep/result_1_50_1_100.csv nan nan nan nan nan nan 0
 deep/result_1_50_5000_10.csv nan nan nan nan nan nan 0
 deep/result_1_50_2000_10.csv nan nan nan nan nan nan 0
 deep/result_1_50_1000_10.csv 0.987460004019 0.987725260417 0.983694444444 0.987039561587 1142.33626825 42.1986532607 600
 deep/result_1_50_500_10.csv 0.97304270863 0.969490885417 0.966803571429 0.971067877858 332.963307431 nan 600
 deep/result_1_50_256_10.csv 0.966474094405 0.96790234375 0.948297619048 0.963868483659 123.124558673 nan 600
 deep/result_1_50_100_10.csv 0.941361397932 0.941569010417 0.915089285714 0.937843071323 39.3426663262 nan 600
 deep/result_1_50_50_10.csv 0.952105475436 0.95122265625 0.930694444444 0.946225229584 16.9561712731 101.110626242 600
 deep/result_1_50_20_10.csv 0.993569958848 0.975173611111 0.965939153439 0.972607283507 4.03834721416 132.345441739 9
 deep/result_1_50_10_10.csv nan nan nan nan nan nan 0
 deep/result_1_50_5_10.csv nan nan nan nan nan nan 0
 deep/result_1_50_2_10.csv nan nan nan nan nan nan 0
 deep/result_1_50_1_10.csv nan nan nan nan nan nan 0
 deep/result_1_50_5000_1.csv nan nan nan nan nan nan 0
 deep/result_1_50_2000_1.csv nan nan nan nan nan nan 0
 deep/result_1_50_1000_1.csv 0.973215549585 0.9774375 0.955780753968 0.972419605286 1293.79925315 nan 600
 deep/result_1_50_500_1.csv 0.937657234656 0.93327734375 0.935201388889 0.936154534588 392.211696826 nan 600
 deep/result_1_50_256_1.csv 0.963853038638 0.966196614583 0.942576388889 0.961556321919 134.195258861 50.7310861266 600
 deep/result_1_50_100_1.csv 0.071992176357 0.074921875 0.0944345238095 0.0750107334196 85.9761379437 nan 600
 deep/result_1_50_50_1.csv 0.0514279853501 0.06540234375 0.0680198412698 0.0578189732413 33.4007575297 177.202815483 600
 deep/result_1_50_20_1.csv 0.845115949283 0.83671875 0.802116402116 0.796358223522 8.17955186706 341.540909885 9
 deep/result_1_50_10_1.csv nan nan nan nan nan nan 0
 deep/result_1_50_5_1.csv nan nan nan nan nan nan 0
 deep/result_1_50_2_1.csv nan nan nan nan nan nan 0
 deep/result_1_50_1_1.csv nan nan nan nan nan nan 0
 deep/result_1_100_5000_100.csv nan nan nan nan nan nan 0
 deep/result_1_100_2000_100.csv nan nan nan nan nan nan 0
 deep/result_1_100_1000_100.csv 0.5 0.5 0.5 0.5 1976.51743404 nan 1
 deep/result_1_100_500_100.csv 0.988866072332 0.986641927083 0.982765873016 0.988213106049 279.864860922 41.2601436764 600
 deep/result_1_100_256_100.csv 0.983568473847 0.979696614583 0.980591269841 0.982847428251 95.6714317747 38.8650025149 600
 deep/result_1_100_100_100.csv 0.965292923282 0.961907552083 0.957598214286 0.962765299309 26.7639360597 nan 600
 deep/result_1_100_50_100.csv 0.976097645325 0.9687890625 0.953870039683 0.970607020839 10.4462533836 42.9974082039 600
 deep/result_1_100_20_100.csv 0.0574602380158 0.0614583333333 0.0930555555556 0.0662763315056 5.11627690428 3107.41545263 9
 deep/result_1_100_10_100.csv nan nan nan nan nan nan 0
 deep/result_1_100_5_100.csv nan nan nan nan nan nan 0
 deep/result_1_100_2_100.csv nan nan nan nan nan nan 0
 deep/result_1_100_1_100.csv nan nan nan nan nan nan 0
 deep/result_1_100_5000_10.csv nan nan nan nan nan nan 0
 deep/result_1_100_2000_10.csv nan nan nan nan nan nan 0
 deep/result_1_100_1000_10.csv 0.981723473432 0.983842447917 0.981620039683 0.981531253353 1081.87658384 nan 600
 deep/result_1_100_500_10.csv 0.987062669919 0.979828125 0.983173611111 0.985975729691 308.035792347 nan 600
 deep/result_1_100_256_10.csv 0.935677523305 0.933325520833 0.914398809524 0.932459996569 115.97270297 87.9686326324 600
 deep/result_1_100_100_10.csv 0.955188365857 0.955970052083 0.937902777778 0.953356365249 33.7579196549 nan 600
 deep/result_1_100_50_10.csv 0.896885484514 0.89459375 0.891763888889 0.89402162198 16.840859969 173.053706457 600
 deep/result_1_100_20_10.csv 0.988509342676 0.973524305556 0.972619047619 0.972687929385 4.07665683856 nan 9
 deep/result_1_100_10_10.csv nan nan nan nan nan nan 0
 deep/result_1_100_5_10.csv nan nan nan nan nan nan 0
 deep/result_1_100_2_10.csv nan nan nan nan nan nan 0
 deep/result_1_100_1_10.csv nan nan nan nan nan nan 0
 deep/result_1_100_5000_1.csv nan nan nan nan nan nan 0
 deep/result_1_100_2000_1.csv nan nan nan nan nan nan 0
 deep/result_1_100_1000_1.csv 0.978186669854 0.977255208333 0.965220238095 0.977124301268 1277.36572187 nan 600
 deep/result_1_100_500_1.csv 0.914759815394 0.91132421875 0.911263888889 0.913767389267 382.605881732 75.2746561109 600
 deep/result_1_100_256_1.csv 0.928133944822 0.928768229167 0.908919642857 0.926192800373 149.602292863 nan 600
 deep/result_1_100_100_1.csv 0.880896967838 0.81296484375 0.8681875 0.872415627668 54.2764105535 nan 600
 deep/result_1_100_50_1.csv 0.760251817998 0.790938802083 0.780880952381 0.763398946956 24.2029431126 nan 600
 deep/result_1_100_20_1.csv 0.014493660327 0.0266493055556 0.0384920634921 0.0275423897743 8.76679191871 nan 9
 deep/result_1_100_10_1.csv nan nan nan nan nan nan 0
 deep/result_1_100_5_1.csv nan nan nan nan nan nan 0
 deep/result_1_100_2_1.csv nan nan nan nan nan nan 0
 deep/result_1_100_1_1.csv nan nan nan nan nan nan 0
 deep/result_1_150_5000_100.csv nan nan nan nan nan nan 0
 deep/result_1_150_2000_100.csv nan nan nan nan nan nan 0
 deep/result_1_150_1000_100.csv 0.5 0.5 0.5 0.5 2904.68345277 nan 1
 deep/result_1_150_500_100.csv 0.986819143112 0.984283854167 0.983093253968 0.986008568966 275.467417597 45.5222404066 600
 deep/result_1_150_256_100.csv 0.988072218891 0.98745703125 0.984765873016 0.987912471202 91.652921683 nan 600
 deep/result_1_150_100_100.csv 0.980241369217 0.972798177083 0.970889880952 0.976890465812 25.4239108833 41.5267452274 600
 deep/result_1_150_50_100.csv 0.956220350313 0.95425390625 0.932006944444 0.951897898218 9.46111957408 nan 600
 deep/result_1_150_20_100.csv 0.839624712432 0.768315972222 0.83630952381 0.844149107394 5.81303628818 3541.82363482 9
 deep/result_1_150_10_100.csv nan nan nan nan nan nan 0
 deep/result_1_150_5_100.csv nan nan nan nan nan nan 0
 deep/result_1_150_2_100.csv nan nan nan nan nan nan 0
 deep/result_1_150_1_100.csv nan nan nan nan nan nan 0
 deep/result_1_150_5000_10.csv nan nan nan nan nan nan 0
 deep/result_1_150_2000_10.csv nan nan nan nan nan nan 0
 deep/result_1_150_1000_10.csv 0.991577927207 0.98773828125 0.987052579365 0.991142967372 1063.22100363 37.5495721791 600
 deep/result_1_150_500_10.csv 0.956115300389 0.957772135417 0.960875992063 0.955317286854 310.594669638 nan 600
 deep/result_1_150_256_10.csv 0.97604692805 0.970977864583 0.968431547619 0.974738768865 105.889730148 40.1959948499 600
 deep/result_1_150_100_10.csv 0.964545697665 0.9697421875 0.955824404762 0.961677502602 33.82852754 47.7913242063 600
 deep/result_1_150_50_10.csv 0.924595359352 0.935138020833 0.924844246032 0.922364598647 16.0537147864 66.3954313708 600
 deep/result_1_150_20_10.csv 0.982934323212 0.974045138889 0.962037037037 0.972639632984 2.88395459032 189.470752621 9
 deep/result_1_150_10_10.csv nan nan nan nan nan nan 0
 deep/result_1_150_5_10.csv nan nan nan nan nan nan 0
 deep/result_1_150_2_10.csv nan nan nan nan nan nan 0
 deep/result_1_150_1_10.csv nan nan nan nan nan nan 0
 deep/result_1_150_5000_1.csv nan nan nan nan nan nan 0
 deep/result_1_150_2000_1.csv nan nan nan nan nan nan 0
 deep/result_1_150_1000_1.csv 0.972439490705 0.9708515625 0.961743055556 0.971960026299 1193.50410281 56.1301917274 600
 deep/result_1_150_500_1.csv 0.968823908749 0.9586015625 0.966132936508 0.966311288304 355.911524615 93.3822103847 600
 deep/result_1_150_256_1.csv 0.973559887532 0.978423177083 0.935618055556 0.970418265061 125.520176374 49.4542621315 600
 deep/result_1_150_100_1.csv 0.735052338281 0.725365885417 0.705636904762 0.733010244077 59.7539667703 nan 600
 deep/result_1_150_50_1.csv 0.442578220779 0.474377604167 0.467790674603 0.447880944131 25.1603865919 170.532408061 600
 deep/result_1_150_20_1.csv 0.984991936381 0.969878472222 0.951851851852 0.964709227187 4.65949065185 232.241010227 9
 deep/result_1_150_10_1.csv nan nan nan nan nan nan 0
 deep/result_1_150_5_1.csv nan nan nan nan nan nan 0
 deep/result_1_150_2_1.csv nan nan nan nan nan nan 0
 deep/result_1_150_1_1.csv nan nan nan nan nan nan 0
 deep/result_1_200_5000_100.csv nan nan nan nan nan nan 0
 deep/result_1_200_2000_100.csv nan nan nan nan nan nan 0
 deep/result_1_200_1000_100.csv 0.5 0.5 0.5 0.5 1877.22802226 nan 1
 deep/result_1_200_500_100.csv 0.991843471794 0.988427083333 0.988420634921 0.991318659201 267.848973491 39.116668598 600
 deep/result_1_200_256_100.csv 0.984049800072 0.983171875 0.979631944444 0.983634104868 91.7133274845 48.9875470174 600
 deep/result_1_200_100_100.csv 0.988741454538 0.985325520833 0.988603174603 0.987354456402 25.1001022692 nan 600
 deep/result_1_200_50_100.csv 0.982238368546 0.98298046875 0.980121031746 0.98023158694 9.31219541276 65.0467115384 600
 deep/result_1_200_20_100.csv 0.795679451381 0.661892361111 0.739153439153 0.718224897661 9.1395955218 789.556772408 9
 deep/result_1_200_10_100.csv nan nan nan nan nan nan 0
 deep/result_1_200_5_100.csv nan nan nan nan nan nan 0
 deep/result_1_200_2_100.csv nan nan nan nan nan nan 0
 deep/result_1_200_1_100.csv nan nan nan nan nan nan 0
 deep/result_1_200_5000_10.csv nan nan nan nan nan nan 0
 deep/result_1_200_2000_10.csv nan nan nan nan nan nan 0
 deep/result_1_200_1000_10.csv 0.992448809821 0.993151041667 0.99243452381 0.99224264226 1015.57713263 nan 600
 deep/result_1_200_500_10.csv 0.94666293601 0.947424479167 0.946004960317 0.946406125806 307.598450067 nan 600
 deep/result_1_200_256_10.csv 0.976924020507 0.97393359375 0.971523809524 0.975713179518 108.214557959 40.2612768124 600
 deep/result_1_200_100_10.csv 0.947668768489 0.949233072917 0.961217261905 0.947156122218 33.4733578114 61.7091720578 600
 deep/result_1_200_50_10.csv 0.930824364267 0.928557291667 0.926610119048 0.927805089165 14.047452908 170.246983644 600
 deep/result_1_200_20_10.csv 0.919996385274 0.940885416667 0.942923280423 0.939528577003 7.72458718281 233.127224567 9
 deep/result_1_200_10_10.csv nan nan nan nan nan nan 0
 deep/result_1_200_5_10.csv nan nan nan nan nan nan 0
 deep/result_1_200_2_10.csv nan nan nan nan nan nan 0
 deep/result_1_200_1_10.csv nan nan nan nan nan nan 0
 deep/result_1_200_5000_1.csv nan nan nan nan nan nan 0
 deep/result_1_200_2000_1.csv nan nan nan nan nan nan 0
 deep/result_1_200_1000_1.csv 0.943084068643 0.941075520833 0.930133928571 0.942074844159 1254.23504006 nan 600
 deep/result_1_200_500_1.csv 0.952560351809 0.95472265625 0.945204365079 0.951504633379 350.352198059 56.203127173 600
 deep/result_1_200_256_1.csv 0.799660207525 0.802489583333 0.78564484127 0.797193431188 158.052422783 nan 600
 deep/result_1_200_100_1.csv 0.933361570564 0.939298177083 0.933563492063 0.932153716511 37.01980508 nan 600
 deep/result_1_200_50_1.csv 0.630640997392 0.579274739583 0.629891865079 0.626294294578 26.6165871978 240.025295638 600
 deep/result_1_200_20_1.csv 0.557602558699 0.512586805556 0.589087301587 0.583157404579 9.14103131566 4563.30244546 9
 deep/result_1_200_10_1.csv nan nan nan nan nan nan 0
 deep/result_1_200_5_1.csv nan nan nan nan nan nan 0
 deep/result_1_200_2_1.csv nan nan nan nan nan nan 0
 deep/result_1_200_1_1.csv nan nan nan nan nan nan 0
 deep/result_2_30_5000_100.csv nan nan nan nan nan nan 0
 deep/result_2_30_2000_100.csv nan nan nan nan nan nan 0
 deep/result_2_30_1000_100.csv 0.985784200115 0.98436328125 0.98701984127 0.985549188176 1133.462842 43.0596640688 600
 deep/result_2_30_500_100.csv 0.984990549879 0.980766927083 0.977013888889 0.983558929925 338.413811675 nan 600
 deep/result_2_30_256_100.csv 0.976614201987 0.975483072917 0.96674702381 0.974374023963 123.788575238 56.5152018004 600
 deep/result_2_30_100_100.csv 0.936316008251 0.93823828125 0.921071428571 0.933992203321 39.1121287337 57.6548665956 600
 deep/result_2_30_50_100.csv 0.985171421794 0.972802083333 0.987288690476 0.979693497824 15.405396764 66.9887549959 600
 deep/result_2_30_20_100.csv 0.0113238238238 0.0288194444444 0.0477513227513 0.0357122272592 5.01800991605 nan 9
 deep/result_2_30_10_100.csv nan nan nan nan nan nan 0
 deep/result_2_30_5_100.csv nan nan nan nan nan nan 0
 deep/result_2_30_2_100.csv nan nan nan nan nan nan 0
 deep/result_2_30_1_100.csv nan nan nan nan nan nan 0
 deep/result_2_30_5000_10.csv nan nan nan nan nan nan 0
 deep/result_2_30_2000_10.csv nan nan nan nan nan nan 0
 deep/result_2_30_1000_10.csv 0.975846450248 0.97559375 0.968125992063 0.975283056779 1323.09100265 67.1537271948 600
 deep/result_2_30_500_10.csv 0.969955453821 0.965552083333 0.953500992063 0.967029843075 407.538003683 54.6643171054 600
 deep/result_2_30_256_10.csv 0.937237027347 0.938345052083 0.905864087302 0.933805706311 156.888357811 nan 600
 deep/result_2_30_100_10.csv 0.900888324035 0.892755208333 0.896265873016 0.897619381528 49.9087367861 83.1011768048 600
 deep/result_2_30_50_10.csv 0.950251176034 0.94544921875 0.925365079365 0.944164207993 20.9514591415 160.29932122 600
 deep/result_2_30_20_10.csv 0.0168084751418 0.0340277777778 0.047619047619 0.0358728355751 5.07453464015 nan 9
 deep/result_2_30_10_10.csv nan nan nan nan nan nan 0
 deep/result_2_30_5_10.csv nan nan nan nan nan nan 0
 deep/result_2_30_2_10.csv nan nan nan nan nan nan 0
 deep/result_2_30_1_10.csv nan nan nan nan nan nan 0
 deep/result_2_30_5000_1.csv nan nan nan nan nan nan 0
 deep/result_2_30_2000_1.csv nan nan nan nan nan nan 0
 deep/result_2_30_1000_1.csv 0.947549691846 0.948255208333 0.932216269841 0.946695832453 1495.94182317 nan 600
 deep/result_2_30_500_1.csv 0.948116221522 0.95264453125 0.931517857143 0.946552655266 449.653906633 62.7724980971 600
 deep/result_2_30_256_1.csv 0.953325958194 0.9387890625 0.951060515873 0.951727147658 188.53256023 nan 600
 deep/result_2_30_100_1.csv 0.726534457659 0.768390625 0.757031746032 0.72939438363 59.9233486006 nan 600
 deep/result_2_30_50_1.csv 0.977564834231 0.9696484375 0.956846230159 0.972251520141 21.5698021455 59.266335315 600
 deep/result_2_30_20_1.csv 0.0296842895527 0.0586805555556 0.0697751322751 0.0637801821184 9.51623466186 nan 9
 deep/result_2_30_10_1.csv nan nan nan nan nan nan 0
 deep/result_2_30_5_1.csv nan nan nan nan nan nan 0
 deep/result_2_30_2_1.csv nan nan nan nan nan nan 0
 deep/result_2_30_1_1.csv nan nan nan nan nan nan 0
 deep/result_2_50_5000_100.csv nan nan nan nan nan nan 0
 deep/result_2_50_2000_100.csv nan nan nan nan nan nan 0
 deep/result_2_50_1000_100.csv 0.982943628011 0.979850260417 0.978506944444 0.982302726856 1074.39000596 nan 600
 deep/result_2_50_500_100.csv 0.981280871542 0.979578125 0.976086309524 0.980234570154 322.046520018 63.7456192849 600
 deep/result_2_50_256_100.csv 0.982094749232 0.976490885417 0.974834325397 0.981139464744 117.229680119 43.1203648044 600
 deep/result_2_50_100_100.csv 0.966452076792 0.96973828125 0.956213293651 0.963977598215 33.9756331307 44.8429506059 600
 deep/result_2_50_50_100.csv 0.978600523408 0.973807291667 0.967162698413 0.973672910571 13.9733226422 57.193628869 600
 deep/result_2_50_20_100.csv 0.989364364364 0.970399305556 0.959788359788 0.966921065683 4.69475992518 238.627677999 9
 deep/result_2_50_10_100.csv nan nan nan nan nan nan 0
 deep/result_2_50_5_100.csv nan nan nan nan nan nan 0
 deep/result_2_50_2_100.csv nan nan nan nan nan nan 0
 deep/result_2_50_1_100.csv nan nan nan nan nan nan 0
 deep/result_2_50_5000_10.csv nan nan nan nan nan nan 0
 deep/result_2_50_2000_10.csv nan nan nan nan nan nan 0
 deep/result_2_50_1000_10.csv 0.983024027036 0.97990625 0.968621031746 0.982185838174 1256.50028839 46.2937999734 600
 deep/result_2_50_500_10.csv 0.97923268583 0.977447916667 0.968517857143 0.977454611065 370.252532 nan 600
 deep/result_2_50_256_10.csv 0.974297519309 0.975885416667 0.972499007937 0.973994615862 145.018408819 nan 600
 deep/result_2_50_100_10.csv 0.97156891029 0.966567708333 0.954726190476 0.967244692579 43.6094434505 56.4876995155 600
 deep/result_2_50_50_10.csv 0.7628016277 0.777026041667 0.768093253968 0.762576717808 23.5372217521 116.165093186 600
 deep/result_2_50_20_10.csv 0.985249138027 0.96015625 0.942195767196 0.960460510744 7.23070099387 251.692835526 9
 deep/result_2_50_10_10.csv nan nan nan nan nan nan 0
 deep/result_2_50_5_10.csv nan nan nan nan nan nan 0
 deep/result_2_50_2_10.csv nan nan nan nan nan nan 0
 deep/result_2_50_1_10.csv nan nan nan nan nan nan 0
 deep/result_2_50_5000_1.csv nan nan nan nan nan nan 0
 deep/result_2_50_2000_1.csv nan nan nan nan nan nan 0
 deep/result_2_50_1000_1.csv 0.972480768498 0.970986979167 0.955864087302 0.971786172923 1441.42177595 54.7231369954 600
 deep/result_2_50_500_1.csv 0.87835188475 0.882015625 0.879779761905 0.877523587211 478.903793899 146.098198483 600
 deep/result_2_50_256_1.csv 0.870336267944 0.8839453125 0.880798611111 0.870609002814 180.615597983 70.4178807316 600
 deep/result_2_50_100_1.csv 0.93882943623 0.93723046875 0.920661706349 0.935311170069 58.2804085762 74.8675759349 600
 deep/result_2_50_50_1.csv 0.193149299172 0.254497395833 0.237246031746 0.201994078679 28.2250886088 126.08149363 600
 deep/result_2_50_20_1.csv 0.01749666333 0.0342881944444 0.0492724867725 0.036503650365 8.20024413253 nan 9
 deep/result_2_50_10_1.csv nan nan nan nan nan nan 0
 deep/result_2_50_5_1.csv nan nan nan nan nan nan 0
 deep/result_2_50_2_1.csv nan nan nan nan nan nan 0
 deep/result_2_50_1_1.csv nan nan nan nan nan nan 0
 deep/result_2_100_5000_100.csv nan nan nan nan nan nan 0
 deep/result_2_100_2000_100.csv nan nan nan nan nan nan 0
 deep/result_2_100_1000_100.csv 0.5 0.5 0.5 0.5 2547.78774093 nan 1
 deep/result_2_100_500_100.csv 0.98687889141 0.985485677083 0.983264880952 0.986316557624 295.242721065 nan 600
 deep/result_2_100_256_100.csv 0.97704396332 0.97412890625 0.973429563492 0.97518757001 108.110476557 nan 600
 deep/result_2_100_100_100.csv 0.976772600215 0.97389453125 0.967461309524 0.975212300273 32.6983439199 56.5386662142 600
 deep/result_2_100_50_100.csv 0.962478173365 0.958930989583 0.93553968254 0.954268289016 13.1314136551 42.2300927798 600
 deep/result_2_100_20_100.csv 0.99288177066 0.974826388889 0.96078042328 0.971970089947 4.62535836071 158.799826804 9
 deep/result_2_100_10_100.csv nan nan nan nan nan nan 0
 deep/result_2_100_5_100.csv nan nan nan nan nan nan 0
 deep/result_2_100_2_100.csv nan nan nan nan nan nan 0
 deep/result_2_100_1_100.csv nan nan nan nan nan nan 0
 deep/result_2_100_5000_10.csv nan nan nan nan nan nan 0
 deep/result_2_100_2000_10.csv nan nan nan nan nan nan 0
 deep/result_2_100_1000_10.csv 0.98086577702 0.981408854167 0.977900793651 0.980501009099 1200.23439055 47.1582522908 600
 deep/result_2_100_500_10.csv 0.963263200396 0.965735677083 0.951711309524 0.960917903863 343.167061167 99.7904887029 600
 deep/result_2_100_256_10.csv 0.961285856222 0.962622395833 0.932869047619 0.958299304874 128.088866452 47.9098570841 600
 deep/result_2_100_100_10.csv 0.964336849649 0.968462239583 0.932278769841 0.960806069217 40.1584103339 nan 600
 deep/result_2_100_50_10.csv 0.738830931504 0.762505208333 0.746503968254 0.740250924865 23.4950197002 112.666831837 600
 deep/result_2_100_20_10.csv 0.219640327462 0.303385416667 0.223148148148 0.250047328195 4.21635668326 1411.04386619 9
 deep/result_2_100_10_10.csv nan nan nan nan nan nan 0
 deep/result_2_100_5_10.csv nan nan nan nan nan nan 0
 deep/result_2_100_2_10.csv nan nan nan nan nan nan 0
 deep/result_2_100_1_10.csv nan nan nan nan nan nan 0
 deep/result_2_100_5000_1.csv nan nan nan nan nan nan 0
 deep/result_2_100_2000_1.csv nan nan nan nan nan nan 0
 deep/result_2_100_1000_1.csv 0.953332865645 0.956971354167 0.930223214286 0.952188411324 1385.4221052 nan 600
 deep/result_2_100_500_1.csv 0.877302510026 0.882907552083 0.870841269841 0.87727349956 463.146953404 nan 600
 deep/result_2_100_256_1.csv 0.94639021668 0.9503046875 0.922029761905 0.944010587847 158.330947199 91.5296858185 600
 deep/result_2_100_100_1.csv 0.923232418642 0.905197916667 0.908226190476 0.918728440042 58.2217546522 76.1082216417 600
 deep/result_2_100_50_1.csv 0.513100312685 0.568817708333 0.435876984127 0.515201245637 28.1067105306 107.759042145 600
 deep/result_2_100_20_1.csv 0.0966251339058 0.168489583333 0.096164021164 0.118669497929 9.03523967458 2396.11068237 9
 deep/result_2_100_10_1.csv nan nan nan nan nan nan 0
 deep/result_2_100_5_1.csv nan nan nan nan nan nan 0
 deep/result_2_100_2_1.csv nan nan nan nan nan nan 0
 deep/result_2_100_1_1.csv nan nan nan nan nan nan 0
 deep/result_2_150_5000_100.csv nan nan nan nan nan nan 0
 deep/result_2_150_2000_100.csv nan nan nan nan nan nan 0
 deep/result_2_150_1000_100.csv 0.5 0.5 0.5 0.5 2357.38402005 nan 1
 deep/result_2_150_500_100.csv 0.985646703337 0.98549609375 0.985992063492 0.984779235327 285.27356594 39.3206181222 600
 deep/result_2_150_256_100.csv 0.984232328339 0.98173046875 0.974700396825 0.983333982601 101.93129288 39.7826799996 600
 deep/result_2_150_100_100.csv 0.979248588436 0.977942708333 0.983369047619 0.978105614662 28.5630665494 39.5283758848 600
 deep/result_2_150_50_100.csv 0.975779649067 0.97421484375 0.974079365079 0.973443090323 11.3909116457 71.7898073722 600
 deep/result_2_150_20_100.csv 0.249751944927 0.290451388889 0.273346560847 0.258941839514 7.04508561541 1430.76701965 9
 deep/result_2_150_10_100.csv nan nan nan nan nan nan 0
 deep/result_2_150_5_100.csv nan nan nan nan nan nan 0
 deep/result_2_150_2_100.csv nan nan nan nan nan nan 0
 deep/result_2_150_1_100.csv nan nan nan nan nan nan 0
 deep/result_2_150_5000_10.csv nan nan nan nan nan nan 0
 deep/result_2_150_2000_10.csv nan nan nan nan nan nan 0
 deep/result_2_150_1000_10.csv 0.987184748003 0.985932291667 0.97833234127 0.986624788903 1147.40537367 40.7969485788 600
 deep/result_2_150_500_10.csv 0.973737695099 0.97296484375 0.963015873016 0.971782690798 345.443898333 64.2949577929 600
 deep/result_2_150_256_10.csv 0.977772963374 0.978600260417 0.974819444444 0.976700199633 128.678672245 42.9131455793 600
 deep/result_2_150_100_10.csv 0.907442366166 0.913782552083 0.897924603175 0.906219454519 41.6899194426 84.4441402466 600
 deep/result_2_150_50_10.csv 0.956493274384 0.955227864583 0.922943452381 0.949382440522 16.589533594 110.338340242 600
 deep/result_2_150_20_10.csv 0.0605466577689 0.0881944444444 0.101851851852 0.093052813254 5.6708996248 2080.22392486 9
 deep/result_2_150_10_10.csv nan nan nan nan nan nan 0
 deep/result_2_150_5_10.csv nan nan nan nan nan nan 0
 deep/result_2_150_2_10.csv nan nan nan nan nan nan 0
 deep/result_2_150_1_10.csv nan nan nan nan nan nan 0
 deep/result_2_150_5000_1.csv nan nan nan nan nan nan 0
 deep/result_2_150_2000_1.csv nan nan nan nan nan nan 0
 deep/result_2_150_1000_1.csv 0.975380481476 0.979177083333 0.970188492063 0.97490225788 1357.01420244 45.0557602071 600
 deep/result_2_150_500_1.csv 0.964003262046 0.966915364583 0.934345238095 0.960507877667 415.21760353 49.5599103808 600
 deep/result_2_150_256_1.csv 0.90083517629 0.911498697917 0.903393849206 0.900112924732 162.50734704 72.7230017693 600
 deep/result_2_150_100_1.csv 0.80002885543 0.790127604167 0.788837301587 0.797544872938 63.2676290105 105.245347369 600
 deep/result_2_150_50_1.csv 0.561145716542 0.596174479167 0.553443452381 0.563658589094 29.6971406062 nan 600
 deep/result_2_150_20_1.csv 0.98825214103 0.971527777778 0.970767195767 0.968200009067 5.99592841416 137.115167564 9
 deep/result_2_150_10_1.csv nan nan nan nan nan nan 0
 deep/result_2_150_5_1.csv nan nan nan nan nan nan 0
 deep/result_2_150_2_1.csv nan nan nan nan nan nan 0
 deep/result_2_150_1_1.csv nan nan nan nan nan nan 0
 deep/result_2_200_5000_100.csv nan nan nan nan nan nan 0
 deep/result_2_200_2000_100.csv nan nan nan nan nan nan 0
 deep/result_2_200_1000_100.csv 0.5 0.5 0.5 0.5 2172.4471138 nan 1
 deep/result_2_200_500_100.csv 0.989349816879 0.990369791667 0.988998015873 0.9889359289 283.795487578 nan 600
 deep/result_2_200_256_100.csv 0.984539145428 0.98471875 0.980722222222 0.983354731829 101.378638219 42.3619567287 600
 deep/result_2_200_100_100.csv 0.98459202628 0.981177083333 0.981965277778 0.983026773065 28.4966143677 nan 600
 deep/result_2_200_50_100.csv 0.985078216364 0.975221354167 0.981386904762 0.981477466653 11.1878059325 43.1836784123 600
 deep/result_2_200_20_100.csv 0.91396074437 0.919878472222 0.924007936508 0.918164253783 6.97938602206 279.462676415 9
 deep/result_2_200_10_100.csv nan nan nan nan nan nan 0
 deep/result_2_200_5_100.csv nan nan nan nan nan nan 0
 deep/result_2_200_2_100.csv nan nan nan nan nan nan 0
 deep/result_2_200_1_100.csv nan nan nan nan nan nan 0
 deep/result_2_200_5000_10.csv nan nan nan nan nan nan 0
 deep/result_2_200_2000_10.csv nan nan nan nan nan nan 0
 deep/result_2_200_1000_10.csv 0.985668191849 0.98609375 0.977591269841 0.984927890283 1131.74763537 43.360013094 600
 deep/result_2_200_500_10.csv 0.983246587572 0.980329427083 0.983000992063 0.982883831663 323.109889371 42.783169833 600
 deep/result_2_200_256_10.csv 0.96290216479 0.967243489583 0.946926587302 0.960908550992 122.258626882 117.931968301 600
 deep/result_2_200_100_10.csv 0.89076078965 0.88965234375 0.876691468254 0.88705968205 40.9457683785 90.269973891 600
 deep/result_2_200_50_10.csv 0.962050146203 0.96300390625 0.934931547619 0.957113977913 16.4762284276 122.612025886 600
 deep/result_2_200_20_10.csv 0.00900205761317 0.0328125 0.040873015873 0.0336648699038 9.26141790697 nan 9
 deep/result_2_200_10_10.csv nan nan nan nan nan nan 0
 deep/result_2_200_5_10.csv nan nan nan nan nan nan 0
 deep/result_2_200_2_10.csv nan nan nan nan nan nan 0
 deep/result_2_200_1_10.csv nan nan nan nan nan nan 0
 deep/result_2_200_5000_1.csv nan nan nan nan nan nan 0
 deep/result_2_200_2000_1.csv nan nan nan nan nan nan 0
 deep/result_2_200_1000_1.csv 0.975027940025 0.970708333333 0.974054563492 0.974494268333 1277.95915604 71.2678858904 600
 deep/result_2_200_500_1.csv 0.910538766861 0.918677083333 0.914873015873 0.910612337999 416.09228539 68.8420764481 600
 deep/result_2_200_256_1.csv 0.929645341138 0.943845052083 0.911986111111 0.927587061667 155.244282279 65.1614122009 600
 deep/result_2_200_100_1.csv 0.900746035905 0.90533984375 0.87360515873 0.89734228776 58.0322712965 75.5632804159 600
 deep/result_2_200_50_1.csv 0.976158264606 0.973942708333 0.977613095238 0.971606459051 21.4240473143 61.1883122038 600
 deep/result_2_200_20_1.csv 0.0200686797909 0.0417534722222 0.0673941798942 0.0474534925019 11.1964913709 nan 9
 deep/result_2_200_10_1.csv nan nan nan nan nan nan 0
 deep/result_2_200_5_1.csv nan nan nan nan nan nan 0
 deep/result_2_200_2_1.csv nan nan nan nan nan nan 0
 deep/result_2_200_1_1.csv nan nan nan nan nan nan 0
 deep/result_3_30_5000_100.csv nan nan nan nan nan nan 0
 deep/result_3_30_2000_100.csv nan nan nan nan nan nan 0
 deep/result_3_30_1000_100.csv 0.989632163421 0.989734375 0.99027281746 0.98956040137 1147.38228502 nan 600
 deep/result_3_30_500_100.csv 0.98116779747 0.976744791667 0.970779761905 0.979642612325 344.332894916 47.7527316771 600
 deep/result_3_30_256_100.csv 0.975557842545 0.96876953125 0.973900793651 0.974469148509 135.374134218 66.4178809293 600
 deep/result_3_30_100_100.csv 0.960391514389 0.960326822917 0.928794642857 0.955679694393 46.8942551626 61.1856351012 600
 deep/result_3_30_50_100.csv 0.946163689156 0.9445390625 0.920029761905 0.941182405256 19.9498319987 nan 600
 deep/result_3_30_20_100.csv 0.00763263263263 0.0314236111111 0.0556878306878 0.0362901893834 9.24137987574 7308.92998567 9
 deep/result_3_30_10_100.csv nan nan nan nan nan nan 0
 deep/result_3_30_5_100.csv nan nan nan nan nan nan 0
 deep/result_3_30_2_100.csv nan nan nan nan nan nan 0
 deep/result_3_30_1_100.csv nan nan nan nan nan nan 0
 deep/result_3_30_5000_10.csv nan nan nan nan nan nan 0
 deep/result_3_30_2000_10.csv nan nan nan nan nan nan 0
 deep/result_3_30_1000_10.csv 0.947535410041 0.952157552083 0.930320436508 0.946799178779 1431.23958672 68.8939279918 600
 deep/result_3_30_500_10.csv 0.973051545567 0.971743489583 0.949590277778 0.970643981255 437.519253229 75.8556473439 600
 deep/result_3_30_256_10.csv 0.949465170925 0.948638020833 0.939345238095 0.94770462012 171.224786781 nan 600
 deep/result_3_30_100_10.csv 0.89875793279 0.88578125 0.835743055556 0.893384991119 63.5699911475 nan 600
 deep/result_3_30_50_10.csv 0.733797222786 0.68555078125 0.72916468254 0.725612208146 26.2385180321 140.884975023 600
 deep/result_3_30_20_10.csv 0.987821154488 0.97109375 0.964748677249 0.972883848749 8.17305919037 nan 9
 deep/result_3_30_10_10.csv nan nan nan nan nan nan 0
 deep/result_3_30_5_10.csv nan nan nan nan nan nan 0
 deep/result_3_30_2_10.csv nan nan nan nan nan nan 0
 deep/result_3_30_1_10.csv nan nan nan nan nan nan 0
 deep/result_3_30_5000_1.csv nan nan nan nan nan nan 0
 deep/result_3_30_2000_1.csv nan nan nan nan nan nan 0
 deep/result_3_30_1000_1.csv 0.953844698151 0.953479166667 0.951374007937 0.953414597724 1678.18743341 nan 600
 deep/result_3_30_500_1.csv 0.718742788104 0.639662760417 0.675023809524 0.706926243877 573.558339264 nan 600
 deep/result_3_30_256_1.csv 0.631906691287 0.602389322917 0.65222718254 0.631442976872 235.676157984 nan 600
 deep/result_3_30_100_1.csv 0.39910957027 0.4587265625 0.383699404762 0.404382358509 75.5614797801 181.720299468 600
 deep/result_3_30_50_1.csv 0.125581205551 0.1386171875 0.190543650794 0.131916757735 29.1340309277 110.014192661 600
 deep/result_3_30_20_1.csv 0.0103784339895 0.0317708333333 0.0497354497354 0.0344886424861 6.13685007623 nan 9
 deep/result_3_30_10_1.csv nan nan nan nan nan nan 0
 deep/result_3_30_5_1.csv nan nan nan nan nan nan 0
 deep/result_3_30_2_1.csv nan nan nan nan nan nan 0
 deep/result_3_30_1_1.csv nan nan nan nan nan nan 0
 deep/result_3_50_5000_100.csv nan nan nan nan nan nan 0
 deep/result_3_50_2000_100.csv nan nan nan nan nan nan 0
 deep/result_3_50_1000_100.csv 0.984853773895 0.984078125 0.984553571429 0.984585695472 1096.25322351 39.6379009177 600
 deep/result_3_50_500_100.csv 0.97939374756 0.97784765625 0.981903769841 0.978616998374 336.372041603 47.1469592586 600
 deep/result_3_50_256_100.csv 0.979197425398 0.977954427083 0.962126984127 0.977522357019 127.928854552 49.5533086932 600
 deep/result_3_50_100_100.csv 0.979312639292 0.980684895833 0.962905753968 0.976601367426 42.0675750894 nan 600
 deep/result_3_50_50_100.csv 0.96639646289 0.960537760417 0.954482142857 0.961097764674 18.3200683543 60.7051310842 600
 deep/result_3_50_20_100.csv 0.992367367367 0.972222222222 0.959457671958 0.970611184125 6.67119975766 156.398138385 9
 deep/result_3_50_10_100.csv nan nan nan nan nan nan 0
 deep/result_3_50_5_100.csv nan nan nan nan nan nan 0
 deep/result_3_50_2_100.csv nan nan nan nan nan nan 0
 deep/result_3_50_1_100.csv nan nan nan nan nan nan 0
 deep/result_3_50_5000_10.csv nan nan nan nan nan nan 0
 deep/result_3_50_2000_10.csv nan nan nan nan nan nan 0
 deep/result_3_50_1000_10.csv 0.96539544316 0.9692265625 0.94552281746 0.964420921591 1376.05715185 54.3756533105 600
 deep/result_3_50_500_10.csv 0.982133434736 0.978752604167 0.986226190476 0.981230659512 422.031044884 56.0282000775 600
 deep/result_3_50_256_10.csv 0.953807498425 0.956513020833 0.948226190476 0.952315671203 162.991715801 98.259285296 600
 deep/result_3_50_100_10.csv 0.970847515849 0.973872395833 0.964668650794 0.969396232334 51.0933018845 88.8501071088 600
 deep/result_3_50_50_10.csv 0.886314875986 0.882692708333 0.862424603175 0.880468709741 23.5410311209 135.017150918 600
 deep/result_3_50_20_10.csv 0.188257702147 0.172569444444 0.20873015873 0.173645610575 6.90443730225 4755.23241631 9
 deep/result_3_50_10_10.csv nan nan nan nan nan nan 0
 deep/result_3_50_5_10.csv nan nan nan nan nan nan 0
 deep/result_3_50_2_10.csv nan nan nan nan nan nan 0
 deep/result_3_50_1_10.csv nan nan nan nan nan nan 0
 deep/result_3_50_5000_1.csv nan nan nan nan nan nan 0
 deep/result_3_50_2000_1.csv nan nan nan nan nan nan 0
 deep/result_3_50_1000_1.csv 0.963122492673 0.9697421875 0.9405 0.962173327811 1639.0101009 62.4109166287 600
 deep/result_3_50_500_1.csv 0.959476687009 0.961510416667 0.945424603175 0.957242983979 511.401796921 152.70606254 600
 deep/result_3_50_256_1.csv 0.166394632411 0.159520833333 0.15675 0.166733370376 218.253389586 105.182244564 600
 deep/result_3_50_100_1.csv 0.917130677581 0.891319010417 0.883930555556 0.910399839528 67.1445284077 103.976618845 600
 deep/result_3_50_50_1.csv 0.81503434945 0.728911458333 0.776466269841 0.801676299748 30.2811166386 nan 600
 deep/result_3_50_20_1.csv 0.994682182182 0.971006944444 0.955555555556 0.969723623843 5.59041826752 157.134435359 9
 deep/result_3_50_10_1.csv nan nan nan nan nan nan 0
 deep/result_3_50_5_1.csv nan nan nan nan nan nan 0
 deep/result_3_50_2_1.csv nan nan nan nan nan nan 0
 deep/result_3_50_1_1.csv nan nan nan nan nan nan 0
 deep/result_3_100_5000_100.csv nan nan nan nan nan nan 0
 deep/result_3_100_2000_100.csv nan nan nan nan nan nan 0
 deep/result_3_100_1000_100.csv 0.989284433093 0.987985677083 0.988783730159 0.989008247066 1044.00547902 nan 600
 deep/result_3_100_500_100.csv 0.986103257918 0.983430989583 0.981399801587 0.985571071914 310.120143419 41.2462065881 600
 deep/result_3_100_256_100.csv 0.972248425233 0.971532552083 0.981952380952 0.971513627445 118.174763418 43.4344791715 600
 deep/result_3_100_100_100.csv 0.962878768368 0.960557291667 0.9439375 0.960252513862 37.1693226912 nan 600
 deep/result_3_100_50_100.csv 0.979540896268 0.976063802083 0.973020833333 0.975481582327 16.3393978455 44.2245041981 600
 deep/result_3_100_20_100.csv 0.978992881771 0.945572916667 0.927579365079 0.937902218468 7.62109463533 335.063410842 9
 deep/result_3_100_10_100.csv nan nan nan nan nan nan 0
 deep/result_3_100_5_100.csv nan nan nan nan nan nan 0
 deep/result_3_100_2_100.csv nan nan nan nan nan nan 0
 deep/result_3_100_1_100.csv nan nan nan nan nan nan 0
 deep/result_3_100_5000_10.csv nan nan nan nan nan nan 0
 deep/result_3_100_2000_10.csv nan nan nan nan nan nan 0
 deep/result_3_100_1000_10.csv 0.967094406279 0.9686484375 0.958399801587 0.966647062201 1301.5237066 49.070191126 600
 deep/result_3_100_500_10.csv 0.976677396847 0.96862890625 0.971143849206 0.974529458641 391.430082359 46.533050891 600
 deep/result_3_100_256_10.csv 0.971602099759 0.969645833333 0.947396825397 0.968886943364 150.500937421 54.1414754116 600
 deep/result_3_100_100_10.csv 0.950758093345 0.951703125 0.940763888889 0.94774827141 49.559595132 99.9911218227 600
 deep/result_3_100_50_10.csv 0.930124725472 0.918169270833 0.90704265873 0.924974121558 23.55541838 nan 600
 deep/result_3_100_20_10.csv 0.990566955845 0.968402777778 0.959920634921 0.969485103408 6.45972416621 93.0896899397 9
 deep/result_3_100_10_10.csv nan nan nan nan nan nan 0
 deep/result_3_100_5_10.csv nan nan nan nan nan nan 0
 deep/result_3_100_2_10.csv nan nan nan nan nan nan 0
 deep/result_3_100_1_10.csv nan nan nan nan nan nan 0
 deep/result_3_100_5000_1.csv nan nan nan nan nan nan 0
 deep/result_3_100_2000_1.csv nan nan nan nan nan nan 0
 deep/result_3_100_1000_1.csv 0.938648178269 0.946313802083 0.914493055556 0.937347847541 1582.3498602 154.082715675 600
 deep/result_3_100_500_1.csv 0.863238450424 0.864828125 0.848705357143 0.860880136989 497.682394606 nan 600
 deep/result_3_100_256_1.csv 0.865119266399 0.872161458333 0.866468253968 0.864586618115 183.556853005 79.2641255208 600
 deep/result_3_100_100_1.csv 0.417742469519 0.458739583333 0.451785714286 0.421050156268 59.4798094056 87.6676456669 600
 deep/result_3_100_50_1.csv 0.388307818814 0.412518229167 0.441531746032 0.392147346853 26.8631242793 82.3901465929 600
 deep/result_3_100_20_1.csv 0.069764940379 0.113888888889 0.0886904761905 0.0910218584501 8.61111781458 1813.55315274 9
 deep/result_3_100_10_1.csv nan nan nan nan nan nan 0
 deep/result_3_100_5_1.csv nan nan nan nan nan nan 0
 deep/result_3_100_2_1.csv nan nan nan nan nan nan 0
 deep/result_3_100_1_1.csv nan nan nan nan nan nan 0
 deep/result_3_150_5000_100.csv nan nan nan nan nan nan 0
 deep/result_3_150_2000_100.csv nan nan nan nan nan nan 0
 deep/result_3_150_1000_100.csv 0.986276532631 0.986997395833 0.985032738095 0.986058046579 1041.0757271 nan 600
 deep/result_3_150_500_100.csv 0.983283439768 0.982854166667 0.977726190476 0.982528084244 301.099501224 41.3600743262 600
 deep/result_3_150_256_100.csv 0.979574772463 0.979979166667 0.968504960317 0.978304666458 111.393629777 43.4290755711 600
 deep/result_3_150_100_100.csv 0.963291428736 0.962764322917 0.951165674603 0.961291232768 33.6331016454 99.2738771477 600
 deep/result_3_150_50_100.csv 0.962914742088 0.958701822917 0.954370039683 0.959653871993 15.0675945719 nan 600
 deep/result_3_150_20_100.csv 0.734376189055 0.657638888889 0.725992063492 0.723785362591 6.42513091967 577.642324824 9
 deep/result_3_150_10_100.csv nan nan nan nan nan nan 0
 deep/result_3_150_5_100.csv nan nan nan nan nan nan 0
 deep/result_3_150_2_100.csv nan nan nan nan nan nan 0
 deep/result_3_150_1_100.csv nan nan nan nan nan nan 0
 deep/result_3_150_5000_10.csv nan nan nan nan nan nan 0
 deep/result_3_150_2000_10.csv nan nan nan nan nan nan 0
 deep/result_3_150_1000_10.csv 0.985251720052 0.983307291667 0.98606547619 0.985026633643 1246.25804851 46.6816699715 600
 deep/result_3_150_500_10.csv 0.974033141527 0.974768229167 0.964586309524 0.972868942931 364.60047133 86.7468849974 600
 deep/result_3_150_256_10.csv 0.965485609098 0.965665364583 0.954866071429 0.964418208336 144.52073304 63.7390648495 600
 deep/result_3_150_100_10.csv 0.851081898133 0.855723958333 0.839668650794 0.848235317837 51.4611997802 71.7064242178 600
 deep/result_3_150_50_10.csv 0.976632812594 0.969337239583 0.955398809524 0.970586251108 20.8624860672 59.839415216 600
 deep/result_3_150_20_10.csv 0.771281515434 0.777690972222 0.779166666667 0.788304798589 5.84539163287 180.618442018 9
 deep/result_3_150_10_10.csv nan nan nan nan nan nan 0
 deep/result_3_150_5_10.csv nan nan nan nan nan nan 0
 deep/result_3_150_2_10.csv nan nan nan nan nan nan 0
 deep/result_3_150_1_10.csv nan nan nan nan nan nan 0
 deep/result_3_150_5000_1.csv nan nan nan nan nan nan 0
 deep/result_3_150_2000_1.csv nan nan nan nan nan nan 0
 deep/result_3_150_1000_1.csv 0.964037112772 0.969723958333 0.952838293651 0.963632673062 1478.29880879 47.8252788404 600
 deep/result_3_150_500_1.csv 0.788221922606 0.792420572917 0.779442460317 0.785082306636 514.003136952 84.1374053994 600
 deep/result_3_150_256_1.csv 0.573030120293 0.576209635417 0.614429563492 0.576692613453 212.020215254 213.474893117 600
 deep/result_3_150_100_1.csv 0.943301919312 0.9415078125 0.917749007937 0.939524271334 65.7627425478 132.859474693 600
 deep/result_3_150_50_1.csv 0.74806565556 0.776908854167 0.769625992063 0.75465475363 29.6637626603 93.2282042925 600
 deep/result_3_150_20_1.csv 0.697337688566 0.683506944444 0.68544973545 0.666828641862 7.92039239405 362.797866555 9
 deep/result_3_150_10_1.csv nan nan nan nan nan nan 0
 deep/result_3_150_5_1.csv nan nan nan nan nan nan 0
 deep/result_3_150_2_1.csv nan nan nan nan nan nan 0
 deep/result_3_150_1_1.csv nan nan nan nan nan nan 0
 deep/result_3_200_5000_100.csv nan nan nan nan nan nan 0
 deep/result_3_200_2000_100.csv nan nan nan nan nan nan 0
 deep/result_3_200_1000_100.csv 0.987475104277 0.986098958333 0.984884920635 0.987068043934 1033.30303039 nan 600
 deep/result_3_200_500_100.csv 0.986984505881 0.986704427083 0.986700396825 0.986263796083 296.012540235 41.874494237 600
 deep/result_3_200_256_100.csv 0.965347605235 0.969236979167 0.96652281746 0.964038520025 107.315262388 59.4468815579 600
 deep/result_3_200_100_100.csv 0.970329098494 0.96983203125 0.95846031746 0.966961116385 32.9473165227 45.0693255034 600
 deep/result_3_200_50_100.csv 0.984188098261 0.982013020833 0.975708333333 0.980911769992 14.1019246562 40.3683305063 600
 deep/result_3_200_20_100.csv 0.987306751196 0.965711805556 0.945634920635 0.963715961573 7.9000056582 135.447441859 9
 deep/result_3_200_10_100.csv nan nan nan nan nan nan 0
 deep/result_3_200_5_100.csv nan nan nan nan nan nan 0
 deep/result_3_200_2_100.csv nan nan nan nan nan nan 0
 deep/result_3_200_1_100.csv nan nan nan nan nan nan 0
 deep/result_3_200_5000_10.csv nan nan nan nan nan nan 0
 deep/result_3_200_2000_10.csv nan nan nan nan nan nan 0
 deep/result_3_200_1000_10.csv 0.968820027611 0.96548046875 0.962604166667 0.968240149755 1216.29598889 69.4946587531 600
 deep/result_3_200_500_10.csv 0.966004270611 0.959557291667 0.961420634921 0.964145266463 361.623072623 97.0098375372 600
 deep/result_3_200_256_10.csv 0.964294881965 0.963286458333 0.948496031746 0.961575512904 140.868117405 48.0207531518 600
 deep/result_3_200_100_10.csv 0.874737796582 0.879385416667 0.857456349206 0.872287762945 47.1987468234 77.8443667336 600
 deep/result_3_200_50_10.csv 0.940703397261 0.946712239583 0.917095238095 0.932666989934 21.3248570474 66.0123076556 600
 deep/result_3_200_20_10.csv 0.0170656767879 0.0265625 0.0513888888889 0.0354502420629 6.97836820265 5653.3719248 9
 deep/result_3_200_10_10.csv nan nan nan nan nan nan 0
 deep/result_3_200_5_10.csv nan nan nan nan nan nan 0
 deep/result_3_200_2_10.csv nan nan nan nan nan nan 0
 deep/result_3_200_1_10.csv nan nan nan nan nan nan 0
 deep/result_3_200_5000_1.csv nan nan nan nan nan nan 0
 deep/result_3_200_2000_1.csv nan nan nan nan nan nan 0
 deep/result_3_200_1000_1.csv 0.968323884304 0.965559895833 0.960758928571 0.96771110938 1462.07949411 54.1329228137 600
 deep/result_3_200_500_1.csv 0.931584749925 0.93173828125 0.922601190476 0.929914118975 477.376591666 169.510349523 600
 deep/result_3_200_256_1.csv 0.572894277163 0.58319140625 0.565982142857 0.573070229574 195.977664638 208.655664926 600
 deep/result_3_200_100_1.csv 0.821182385557 0.8021953125 0.824132936508 0.816510951779 66.8055801913 74.7901685615 600
 deep/result_3_200_50_1.csv 0.952625134921 0.953828125 0.925697420635 0.945335688466 27.1330994928 74.770403983 600
 deep/result_3_200_20_1.csv 0.304818707596 0.332204861111 0.401388888889 0.362333499865 7.93359691001 1957.42970746 9
 deep/result_3_200_10_1.csv nan nan nan nan nan nan 0
 deep/result_3_200_5_1.csv nan nan nan nan nan nan 0
 deep/result_3_200_2_1.csv nan nan nan nan nan nan 0
 deep/result_3_200_1_1.csv nan nan nan nan nan nan 0
 ../../datafile/resfile/deep/result_1_30_5000_100.csv 0.675118369633 0.680076451586 0.694025693473 0.680722449785 14197.9908586 nan 1
 ../../datafile/resfile/deep/result_1_30_2000_100.csv 0.668580474088 0.68407954405 0.696961320876 0.684899653454 4138.5992358 325142.543739 1
 ../../datafile/resfile/deep/result_1_30_1000_100.csv 0.647960166158 0.613695082337 0.619215153186 0.628447707428 1941.23685047 nan 1
 ../../datafile/resfile/deep/result_1_30_5000_100.csv 0.687566001552 0.683365319498 0.679514900861 0.688141538365 17964.5392456 nan 1
 ../../datafile/resfile/deep/result_1_30_2000_100.csv nan nan nan nan nan nan 0
 ../../datafile/resfile/deep/result_1_30_5000_100.csv nan nan nan nan nan nan 0
 ../../datafile/resfile/deep/result_1_30_5000_100.csv nan nan nan nan nan nan 0
 ../../datafile/resfile/deep/result_1_30_5000_100.csv nan nan nan nan nan nan 0
 ../../datafile/resfile/deep/result_1_30_5000_100.csv 0.737237788242 0.736884145923 0.73437301115 0.731377085193 14800.3132295 4484391.3996 1
 ../../datafile/resfile/deep/result_1_30_2000_100.csv 0.733585417905 0.723309135045 0.725573340686 0.71846432865 4599.74227065 1154972.39396 1
 ../../datafile/resfile/deep/result_1_30_1000_100.csv nan nan nan nan nan nan 0
 ../../datafile/resfile/LG/deep/result_1_30_5000_100.csv nan nan nan nan nan nan 0
 ../../datafile/resfile/LG/deep/result_1_30_5000_100.csv nan nan nan nan nan nan 0
 ../../datafile/resfile/LG/deep/result_1_30_5000_100.csv nan nan nan nan nan nan 0
